0.44559,0.24279
0.64631,0.4424
0.70936,0.6878
0.75469,0.35923
0.27603,0.73634
0.6797,0.39471
0.6551,0.68342
0.16261,0.70405
0.119,0.44231
0.49836,0.019578
0.95974,0.33086
0.34039,0.42431
0.58527,0.27027
0.22381,0.19705
0.75127,0.82172
0.2551,0.42992
0.50596,0.88777
0.69908,0.39118
0.8909,0.76911
0.95929,0.39679
0.54722,0.80851
0.13862,0.75508
0.14929,0.3774
0.25751,0.21602
0.84072,0.79041
0.25428,0.9493
0.81428,0.32757
0.24352,0.67126
0.92926,0.43864
0.34998,0.8335
0.1966,0.76885
0.25108,0.16725
0.61604,0.86198
0.47329,0.98987
0.35166,0.51442
0.83083,0.88428
0.58526,0.58803
0.54972,0.15475
0.91719,0.19986
0.28584,0.40695
0.7572,0.74871
0.75373,0.82558
0.38045,0.78996
0.56782,0.31852
0.075854,0.53406
0.05395,0.089951
0.5308,0.11171
0.77917,0.13629
0.93401,0.67865
0.12991,0.49518
0.56882,0.18971
0.46939,0.49501
0.011902,0.14761
0.33712,0.054974
0.16218,0.85071
0.79428,0.56056
0.31122,0.92961
0.52853,0.69667
0.16565,0.58279
0.60198,0.8154
0.26297,0.87901
0.65408,0.98891
0.68921,0.00052238
0.74815,0.86544
0.45054,0.61257
0.083821,0.98995
0.22898,0.52768
0.91334,0.47952
0.15238,0.80135
0.82582,0.22784
0.53834,0.49809
0.99613,0.90085
0.078176,0.57466
0.44268,0.84518
0.10665,0.73864
0.9619,0.58599
0.0046342,0.24673
0.77491,0.66642
0.8173,0.083483
0.86869,0.62596
0.084436,0.66094
0.39978,0.72975
0.25987,0.89075
0.80007,0.9823
0.43141,0.76903
0.91065,0.58145
0.18185,0.92831
0.2638,0.58009
0.14554,0.016983
0.13607,0.12086
0.86929,0.86271
0.5797,0.4843
0.54986,0.84486
0.14495,0.20941
0.85303,0.55229
0.62206,0.62988
0.35095,0.031991
0.51325,0.61471
0.40181,0.36241
0.075967,0.049533
0.23992,0.48957
0.12332,0.19251
0.18391,0.12308
0.23995,0.20549
0.41727,0.14651
0.049654,0.18907
0.90272,0.042652
0.94479,0.6352
0.49086,0.28187
0.48925,0.5386
0.33772,0.69516
0.90005,0.49912
0.36925,0.5358
0.1112,0.44518
0.78025,0.12393
0.38974,0.49036
0.24169,0.853
0.40391,0.87393
0.096455,0.27029
0.13197,0.20846
0.94205,0.56498
0.95613,0.64031
0.57521,0.41703
0.05978,0.20598
0.23478,0.94793
0.35316,0.082071
0.82119,0.10571
0.015403,0.14204
0.043024,0.16646
0.16899,0.62096
0.64912,0.57371
0.73172,0.052078
0.64775,0.9312
0.45092,0.72866
0.54701,0.73784
0.29632,0.063405
0.74469,0.86044
0.18896,0.93441
0.68678,0.9844
0.18351,0.85894
0.36848,0.78556
0.62562,0.51338
0.78023,0.1776
0.081126,0.39859
0.92939,0.13393
0.77571,0.03089
0.48679,0.93914
0.43586,0.30131
0.44678,0.29553
0.30635,0.33294
0.50851,0.46707
0.51077,0.6482
0.81763,0.025228
0.79483,0.84221
0.64432,0.55903
0.37861,0.8541
0.81158,0.34788
0.53283,0.44603
0.35073,0.054239
0.939,0.17711
0.87594,0.66281
0.55016,0.33083
0.62248,0.89849
0.58704,0.11816
0.20774,0.98842
0.30125,0.53998
0.47092,0.70692
0.23049,0.99949
0.84431,0.28785
0.19476,0.41452
0.22592,0.46484
0.17071,0.76396
0.22766,0.8182
0.4357,0.10022
0.3111,0.17812
0.92338,0.35963
0.43021,0.056705
0.18482,0.52189
0.90488,0.33585
0.97975,0.17567
0.43887,0.20895
0.11112,0.90515
0.25806,0.67539
0.40872,0.46847
0.5949,0.91213
0.26221,0.10401
0.60284,0.74555
0.71122,0.73627
0.22175,0.56186
0.11742,0.18419
0.29668,0.59721
0.31878,0.29994
0.42417,0.13412
0.50786,0.2126
0.085516,0.89494
0.26248,0.071453
0.80101,0.24249
0.02922,0.053754
0.92885,0.44172
0.73033,0.013283
0.48861,0.89719
0.57853,0.19666
0.23728,0.093371
0.45885,0.30737
0.96309,0.45606
0.54681,0.10167
0.52114,0.99539
0.23159,0.33209
0.4889,0.29735
0.62406,0.062045
0.67914,0.29824
0.39552,0.046351
0.36744,0.50543
0.98798,0.76143
0.037739,0.63107
0.88517,0.089892
0.91329,0.080862
0.79618,0.77724
0.098712,0.90513
0.26187,0.53377
0.33536,0.10915
0.67973,0.82581
0.13655,0.3381
0.72123,0.29397
0.10676,0.74631
0.65376,0.010337
0.49417,0.048447
0.77905,0.66792
0.71504,0.60347
0.90372,0.5261
0.89092,0.72971
0.33416,0.70725
0.69875,0.78138
0.19781,0.28798
0.030541,0.69253
0.74407,0.55667
0.50002,0.39652
0.47992,0.061591
0.90472,0.78018
0.60987,0.33758
0.61767,0.60787
0.85944,0.74125
0.80549,0.10481
0.57672,0.12789
0.18292,0.54954
0.23993,0.48523
0.88651,0.89048
0.028674,0.79896
0.4899,0.73434
0.16793,0.051332
0.97868,0.072885
0.71269,0.088527
0.50047,0.79835
0.47109,0.94301
0.059619,0.68372
0.68197,0.13208
0.042431,0.72272
0.071445,0.11035
0.52165,0.11749
0.09673,0.64072
0.81815,0.32881
0.81755,0.65381
0.72244,0.74913
0.14987,0.58319
0.65961,0.74003
0.51859,0.23483
0.97297,0.73496
0.64899,0.9706
0.80033,0.86693
0.4538,0.086235
0.43239,0.36644
0.82531,0.3692
0.08347,0.68503
0.13317,0.59794
0.17339,0.78936
0.39094,0.36765
0.83138,0.20603
0.80336,0.086667
0.060471,0.77193
0.39926,0.20567
0.52688,0.38827
0.4168,0.55178
0.65686,0.22895
0.62797,0.64194
0.29198,0.48448
0.43165,0.15185
0.015487,0.78193
0.98406,0.10061
0.16717,0.29407
0.10622,0.23737
0.37241,0.53087
0.19812,0.091499
0.48969,0.40532
0.33949,0.10485
0.95163,0.11228
0.92033,0.78443
0.052677,0.29157
0.73786,0.60353
0.26912,0.96442
0.42284,0.43248
0.54787,0.69475
0.94274,0.7581
0.41774,0.43264
0.98305,0.6555
0.30145,0.10976
0.7011,0.93376
0.66634,0.18746
0.53913,0.26618
0.69811,0.79783
0.66653,0.4876
0.17813,0.76896
0.12801,0.39601
0.99908,0.27294
0.17112,0.037235
0.032601,0.67329
0.5612,0.42956
0.88187,0.45174
0.66918,0.60986
0.19043,0.059403
0.36892,0.31581
0.46073,0.77272
0.98164,0.69643
0.1564,0.12533
0.85552,0.13015
0.64476,0.092352
0.37627,0.0078203
0.19092,0.42311
0.42825,0.65557
0.48202,0.72292
0.12061,0.53121
0.58951,0.10882
0.22619,0.63177
0.38462,0.1265
0.58299,0.1343
0.25181,0.098594
0.29044,0.14203
0.61709,0.16825
0.26528,0.19625
0.82438,0.31748
0.98266,0.31643
0.73025,0.21756
0.34388,0.25104
0.58407,0.89292
0.10777,0.70322
0.90631,0.55574
0.87965,0.18443
0.81776,0.21203
0.26073,0.077347
0.59436,0.9138
0.022513,0.70672
0.42526,0.55779
0.31272,0.31343
0.16148,0.1662
0.17877,0.6225
0.42289,0.98793
0.094229,0.17043
0.59852,0.25779
0.47092,0.3968
0.69595,0.073995
0.69989,0.6841
0.63853,0.40239
0.033604,0.98284
0.068806,0.40218
0.3196,0.62067
0.53086,0.15437
0.65445,0.38135
0.40762,0.16113
0.81998,0.75811
0.71836,0.87111
0.96865,0.35078
0.53133,0.68554
0.32515,0.29415
0.10563,0.53063
0.61096,0.83242
0.7788,0.59749
0.42345,0.33531
0.090823,0.29923
0.26647,0.45259
0.15366,0.42265
0.28101,0.35961
0.44009,0.55832
0.52714,0.74255
0.45742,0.42433
0.87537,0.42936
0.51805,0.12487
0.94362,0.024434
0.63771,0.29019
0.95769,0.31752
0.24071,0.65369
0.67612,0.95694
0.28906,0.93573
0.67181,0.45789
0.69514,0.24048
0.067993,0.7639
0.25479,0.75933
0.22404,0.74065
0.66783,0.74369
0.84439,0.10592
0.34446,0.68156
0.78052,0.46326
0.67533,0.21216
0.0067153,0.098519
0.60217,0.82357
0.38677,0.17501
0.91599,0.16357
0.0011511,0.66599
0.46245,0.89439
0.42435,0.51656
0.46092,0.7027
0.77016,0.15359
0.32247,0.95346
0.78474,0.54088
0.47136,0.67973
0.035763,0.036563
0.17587,0.8092
0.72176,0.74862
0.47349,0.12019
0.15272,0.52505
0.34112,0.32583
0.60739,0.54645
0.19175,0.39888
0.73843,0.41509
0.24285,0.18074
0.91742,0.25539
0.26906,0.020536
0.7655,0.92368
0.18866,0.6537
0.2875,0.93261
0.091113,0.16351
0.57621,0.9211
0.68336,0.79466
0.54659,0.57739
0.42573,0.44004
0.64444,0.25761
0.64762,0.75195
0.67902,0.22867
0.63579,0.064187
0.94517,0.76733
0.20893,0.6712
0.70928,0.71521
0.23623,0.64206
0.1194,0.41905
0.6073,0.39076
0.45014,0.81614
0.45873,0.31743
0.66194,0.81454
0.77029,0.78907
0.35022,0.85226
0.66201,0.50564
0.41616,0.63566
0.84193,0.95089
0.83292,0.44396
0.25644,0.060019
0.61346,0.86675
0.58225,0.63119
0.54074,0.35507
0.86994,0.997
0.26478,0.22417
0.31807,0.65245
0.11921,0.60499
0.93983,0.38725
0.64555,0.14219
0.47946,0.025135
0.63932,0.42111
0.54472,0.1841
0.64731,0.72578
0.54389,0.37036
0.72105,0.84156
0.5225,0.73423
0.9937,0.57103
0.21868,0.17686
0.1058,0.95738
0.1097,0.26532
0.063591,0.92458
0.40458,0.22377
0.44837,0.37356
0.36582,0.0875
0.7635,0.64012
0.6279,0.18062
0.77198,0.045051
0.93285,0.72317
0.97274,0.34744
0.19203,0.66062
0.13887,0.38387
0.69627,0.62735
0.09382,0.02165
0.5254,0.91057
0.53034,0.80056
0.86114,0.74585
0.48485,0.81311
0.39346,0.38331
0.67143,0.61728
0.74126,0.57549
0.52005,0.53005
0.34771,0.27507
0.15,0.24863
0.58609,0.45164
0.26215,0.22771
0.044454,0.80445
0.75493,0.9861
5.03,5.3709
5.5357,5.8909
5.0871,5.8564
5.8021,5.4024
5.9891,5.318
5.0669,5.6086
5.9394,5.9102
5.0182,5.9091
5.6838,5.5916
5.7837,5.3326
5.5341,5.8531
5.8854,5.4424
5.899,5.9044
5.6259,5.0332
5.1379,5.5324
5.2178,5.7165
5.1821,5.1793
5.0418,5.3365
5.1069,5.1877
5.6164,5.3219
5.9397,5.4039
5.3545,5.5486
5.4106,5.0487
5.9843,5.5527
5.9456,5.2748
5.6766,5.2415
5.9883,5.2431
5.7668,5.1542
5.3367,5.9564
5.6624,5.9357
5.2442,5.8187
5.2955,5.7283
5.6802,5.1758
5.5278,5.3604
5.4116,5.1888
5.6026,5.0012
5.7505,5.3164
5.5835,5.6996
5.5518,5.6253
5.5836,5.5431
5.5118,5.439
5.0826,5.2874
5.7196,5.5017
5.9962,5.7615
5.3545,5.7624
5.9713,5.5761
5.3464,5.7477
5.8865,5.6455
5.4547,5.1232
5.4134,5.5044
5.2177,5.3473
5.1257,5.0921
5.3089,5.1478
5.7261,5.1982
5.7829,5.6723
5.6938,5.4315
5.0098,5.6944
5.8432,5.2568
5.9223,5.0098
5.771,5.5323
5.0427,5.2794
5.3782,5.9462
5.7043,5.9064
5.7295,5.3927
5.2243,5.0249
5.2691,5.6714
5.673,5.8372
5.4775,5.9715
5.6237,5.0569
5.2364,5.4503
5.1771,5.5825
5.8296,5.6866
5.7669,5.7194
5.9345,5.65
5.1079,5.7269
5.1822,5.3738
5.0991,5.5816
5.4898,5.1161
5.1932,5.0577
5.8959,5.9798
5.0991,5.2848
5.0442,5.595
5.5573,5.9622
5.7725,5.1858
5.3119,5.193
5.179,5.3416
5.339,5.9329
5.2101,5.3907
5.5102,5.2732
5.9064,5.1519
5.6289,5.3971
5.1015,5.3747
5.3909,5.1311
5.0546,5.435
5.5013,5.0915
5.4317,5.6146
5.9976,5.011
5.8116,5.5733
5.4857,5.7897
5.8944,5.2354
5.1375,5.448
5.39,5.5694
5.9274,5.0614
5.9175,5.4963
5.7136,5.6423
5.6183,5.2213
5.3433,5.8371
5.936,5.9711
5.1248,5.8464
5.7306,5.506
5.6465,5.2789
5.8332,5.7466
5.3983,5.2369
5.7498,5.9573
5.8352,5.6203
5.3225,5.6003
5.5523,5.1726
5.9791,5.0903
5.5493,5.2553
5.3304,5.8586
5.6195,5.9111
5.3606,5.6996
5.7565,5.7252
5.4139,5.2299
5.4923,5.5761
5.6947,5.8106
5.9727,5.4038
5.3278,5.9884
5.8378,5.09
5.7391,5.3209
5.9542,5.5114
5.0319,5.0606
5.3569,5.7257
5.6627,5.5566
5.2815,5.5294
5.2304,5.83
5.7111,5.8588
5.6246,5.789
5.5906,5.3178
5.6604,5.4522
5.0476,5.7522
5.3488,5.1099
5.4513,5.1097
5.2409,5.2699
5.715,5.5246
5.8562,5.9727
5.2815,5.7104
5.7311,5.3119
5.1378,5.2915
5.8367,5.8504
5.1386,5.9116
5.5882,5.6393
5.3662,5.2554
5.8068,5.0887
5.5038,5.8383
5.4896,5.5847
5.877,5.9481
5.3531,5.061
5.4494,5.5846
5.9635,5.2851
5.0423,5.8277
5.973,5.191
5.1892,5.4425
5.6671,5.3934
5.5864,5.8266
5.6751,5.6769
5.361,5.2076
5.6203,5.3181
5.8112,5.1338
5.0193,5.6715
5.0839,5.571
5.9748,5.1698
5.6513,5.1477
5.2312,5.4761
5.4035,5.9081
5.122,5.5522
5.2684,5.0329
5.2578,5.0539
5.3317,5.8051
5.1522,5.4514
5.348,5.3826
5.1217,5.7896
5.8842,5.3643
5.0943,5.5323
5.93,5.7117
5.399,5.8715
5.0474,5.3287
5.3424,5.6501
5.736,5.9748
5.7947,5.076
5.5449,5.587
5.6862,5.4139
5.8936,5.3091
5.0548,5.2638
5.3037,5.7588
5.0462,5.9952
5.1955,5.1866
5.7202,5.7811
5.7218,5.1958
5.8778,5.9924
5.5824,5.8023
5.0707,5.4242
5.9227,5.7289
5.8004,5.4984
5.2859,5.809
5.5437,5.3565
5.9848,5.0732
5.7157,5.591
5.839,5.9102
5.4333,5.1938
5.4706,5.4324
5.5607,5.7492
5.2691,5.0392
5.749,5.9463
5.5039,5.7637
5.6468,5.5588
5.3077,5.1838
5.1387,5.4979
5.4756,5.5178
5.3625,5.9942
5.7881,5.8549
5.7803,5.9624
5.6685,5.6789
5.1335,5.4035
5.0216,5.935
5.5598,5.4795
5.3008,5.2318
5.9394,5.3963
5.9809,5.7051
5.2866,5.5586
5.8008,5.7566
5.8961,5.9955
5.5975,5.9624
5.884,5.5351
5.9437,5.9639
5.5492,5.1156
5.7284,5.0514
5.5768,5.3043
5.0259,5.5802
5.4465,5.531
5.6463,5.9012
5.5212,5.5406
5.3723,5.432
5.9371,5.5427
5.8295,5.7124
5.8491,5.0167
5.3725,5.8009
5.5932,5.1425
5.8726,5.4785
5.9335,5.2568
5.6685,5.3691
5.2068,5.6618
5.6539,5.1696
5.0721,5.2788
5.4067,5.1982
5.6669,5.1951
5.9337,5.3268
5.811,5.8803
5.4845,5.4711
5.7567,5.404
5.417,5.1792
5.9718,5.9689
5.988,5.4075
5.8641,5.8445
5.3889,5.6153
5.4547,5.3766
5.2467,5.8772
5.7844,5.7849
5.8828,5.465
5.9137,5.814
5.5583,5.8984
5.5989,5.4292
5.1489,5.3343
5.8997,5.5966
5.4504,5.902
5.2057,5.7021
5.8997,5.3775
5.7626,5.735
5.8825,5.9541
5.285,5.5428
5.6732,5.5401
5.6643,5.3111
5.1228,5.0712
5.4073,5.182
5.2753,5.093
5.7167,5.4635
5.2834,5.0093
5.8962,5.915
5.8266,5.6427
5.39,5.0014
5.4979,5.0304
5.6948,5.2085
5.8344,5.455
5.6096,5.1273
5.5747,5.0086
5.326,5.7271
5.4564,5.3541
5.7138,5.7804
5.8844,5.4367
5.7209,5.4366
5.0186,5.0492
5.6748,5.0496
5.4385,5.0911
5.4378,5.594
5.117,5.2411
5.8147,5.8414
5.3249,5.8572
5.2462,5.9636
5.3427,5.4889
5.3757,5.2203
5.5466,5.2262
5.5619,5.5368
5.3958,5.7621
5.3981,5.3476
5.5154,5.4612
5.6575,5.6393
5.9509,5.9173
5.7223,5.1616
5.4001,5.7156
5.8319,5.5777
5.1343,5.4333
5.0605,5.8842
5.0842,5.3931
5.1639,5.179
5.3242,5.6333
5.3017,5.624
5.0117,5.3279
5.5399,5.803
5.0954,5.9995
5.1465,5.981
5.6311,5.127
5.8593,5.2322
5.9742,5.0236
5.5708,5.6074
5.9969,5.1108
5.5535,5.4075
5.5155,5.8841
5.3307,5.5481
5.43,5.369
5.4918,5.2083
5.071,5.4409
5.8877,5.9562
5.0646,5.124
5.4362,5.4708
5.8266,5.8569
5.3945,5.0434
5.6135,5.6916
5.8186,5.979
5.8862,5.2833
5.9311,5.1338
5.1908,5.6853
5.2586,5.9095
5.8979,5.6109
5.5934,5.9
5.5038,5.1934
5.6128,5.7544
5.8194,5.3463
5.5319,5.4186
5.2021,5.1557
5.4539,5.819
5.4279,5.6249
5.9661,5.7386
5.6201,5.8051
5.6954,5.0672
5.7202,5.9508
5.3469,5.4976
5.517,5.7551
5.5567,5.7424
5.1565,5.8311
5.5621,5.1565
5.6948,5.4573
5.4265,5.6181
5.8363,5.9322
5.7314,5.8351
5.36,5.8954
5.4542,5.5825
5.3864,5.5827
5.7756,5.8549
5.7343,5.0349
5.4303,5.8854
5.6938,5.4077
5.9452,5.0364
5.7842,5.7461
5.7056,5.1548
5.1093,5.1439
5.3899,5.606
5.5909,5.2545
5.4594,5.3242
5.0503,5.4018
5.2287,5.4064
5.8342,5.3862
5.0156,5.6098
5.8637,5.1669
5.0781,5.1881
5.669,5.0946
5.5002,5.3232
5.218,5.7696
5.5716,5.2341
5.1222,5.7404
5.6712,5.6928
5.5996,5.8241
5.056,5.828
5.0563,5.2934
5.1525,5.3094
5.0196,5.523
5.4352,5.3253
5.8322,5.8318
5.6174,5.8103
5.5201,5.557
5.8639,5.263
5.0977,5.6806
5.9081,5.2337
5.108,5.4564
5.517,5.3846
5.1432,5.5386
5.5594,5.9917
5.0046,5.7552
5.7667,5.9805
5.8487,5.2348
5.9168,5.5286
5.987,5.0514
5.5051,5.7569
5.2714,5.602
5.1008,5.8572
5.5078,5.9883
5.5856,5.9295
5.7629,5.4095
5.083,5.0003
5.6616,5.5409
5.517,5.2077
5.171,5.2193
5.9386,5.3258
5.5905,5.0959
5.4406,5.7475
5.9419,5.7485
5.6559,5.5433
5.4519,5.3381
5.8397,5.8323
5.5326,5.5526
5.5539,5.9575
5.6801,5.8928
5.3672,5.3565
5.2393,5.5464
5.5789,5.3467
5.8669,5.6228
5.4068,5.7966
5.1126,5.7459
5.4438,5.1255
5.3002,5.8224
5.4014,5.0252
5.8334,5.4144
5.4036,5.7314
5.3902,5.7814
5.3604,5.3673
5.1403,5.7449
5.2601,5.8923
5.0868,5.2426
5.4294,5.1296
5.2573,5.2251
5.2976,5.35
5.4249,5.2871
5.1192,5.9275
5.4951,5.0513
5.7064,5.5927
5.2436,5.1629
5.7851,5.8384
5.0741,5.1676
5.3939,5.5022
5.0034,5.9993
5.2207,5.3554
5.0013,5.0471
5.1892,5.2137
5.1425,5.3978
5.2681,5.3337
5.1749,5.2296
5.1386,5.9361
5.5989,5.6832
5.9011,5.9621
5.9394,5.438
5.2212,5.9403
5.4827,5.0058
5.376,5.6103
5.5238,5.8011
5.2649,5.233
5.0684,5.9325
5.4363,5.7633
5.1739,5.8264
5.0261,5.5735
5.9547,5.7926
5.4306,5.329
5.9616,5.2235
5.7624,5.3124
5.0073,5.5845
5.68,5.8299
5.706,5.2905
5.6451,5.4026
5.5523,5.8621
5.2181,5.6147
5.7724,5.9912
5.228,5.2037
2.4889,4.8561
2.9714,4.4984
2.1125,4.0488
2.7432,4.3138
2.6385,4.6416
2.5942,4.7864
2.4986,4.2892
2.5679,4.4979
2.4265,4.8184
2.0762,4.5951
2.2906,4.5364
2.5613,4.3309
2.6333,4.4117
2.9308,4.794
2.9778,4.3432
2.0936,4.4626
2.6617,4.3678
2.6028,4.6796
2.4738,4.5678
2.3563,4.6518
2.4756,4.4911
2.671,4.3985
2.9596,4.4775
2.0891,4.0666
2.7977,4.411
2.5908,4.9691
2.9122,4.7807
2.1011,4.729
2.2933,4.7657
2.0516,4.7566
2.5041,4.8433
2.7684,4.7702
2.283,4.9787
2.2254,4.1114
2.3313,4.3961
2.4533,4.4921
2.7374,4.2581
2.5099,4.037
2.3825,4.9744
2.9055,4.7264
2.9653,4.148
2.6283,4.1479
2.132,4.7048
2.6183,4.381
2.383,4.0764
2.9912,4.4108
2.2868,4.143
2.7062,4.7989
2.5352,4.9302
2.1932,4.0047
2.6894,4.65
2.0505,4.6785
2.1844,4.2536
2.0457,4.8432
2.885,4.294
2.8398,4.0269
2.1182,4.0933
2.4104,4.7979
2.1202,4.7114
2.5721,4.7834
2.9494,4.6239
2.2564,4.8254
2.9899,4.035
2.3498,4.4055
2.2085,4.2497
2.6658,4.4809
2.9733,4.8808
2.6227,4.2807
2.0635,4.5991
2.3735,4.0262
2.1663,4.1552
2.2313,4.8339
2.0522,4.1949
2.9018,4.8298
2.7933,4.3381
2.373,4.6711
2.8321,4.0524
2.7538,4.7343
2.6219,4.4995
2.3941,4.9433
2.3593,4.2898
2.0889,4.3766
2.3417,4.1138
2.5487,4.9649
2.4605,4.4325
2.6455,4.0846
2.5135,4.7167
2.8144,4.5068
2.0972,4.3281
2.4637,4.7535
2.5898,4.836
2.1872,4.2537
2.6113,4.5344
2.0519,4.4352
2.5757,4.1577
2.8423,4.6005
2.4997,4.9375
2.439,4.1078
2.1491,4.9
2.0283,4.5505
2.7567,4.4274
2.7961,4.1524
2.2936,4.2475
2.1152,4.4474
2.3751,4.5328
2.8289,4.3547
2.8418,4.7731
2.6652,4.8817
2.9601,4.7341
2.9431,4.4064
2.1127,4.6042
2.6483,4.6411
2.4808,4.1275
2.0665,4.4962
2.8978,4.3105
2.4972,4.5786
2.7713,4.9436
2.0604,4.4269
2.2625,4.0331
2.6511,4.9294
2.1336,4.925
2.6385,4.3583
2.3849,4.26
2.7657,4.7869
2.6529,4.5116
2.3815,4.5625
2.3,4.6848
2.3401,4.0924
2.9189,4.8726
2.4563,4.9429
2.4425,4.0966
2.4542,4.8459
2.9453,4.9094
2.2191,4.0113
2.8824,4.5237
2.0199,4.6503
2.3418,4.3851
2.766,4.6493
2.3428,4.7629
2.6188,4.5757
2.453,4.6319
2.0102,4.2782
2.5991,4.8398
2.6016,4.4268
2.6494,4.6316
2.3427,4.8335
2.4933,4.2702
2.7018,4.4008
2.8878,4.5543
2.0551,4.4439
2.0984,4.0904
2.6498,4.7444
2.7641,4.0326
2.988,4.4297
2.1253,4.0373
2.3645,4.9758
2.6762,4.5223
2.3758,4.9096
2.8635,4.3832
2.292,4.8845
2.1335,4.255
2.6727,4.909
2.2026,4.8946
2.8685,4.3985
2.7512,4.625
2.4194,4.5676
2.0002,4.8945
2.1495,4.2142
2.2738,4.0039
2.8724,4.8806
2.6013,4.2351
2.3212,4.2449
2.2843,4.6409
2.4353,4.3045
2.9038,4.8256
2.9251,4.8837
2.5053,4.9454
2.6276,4.3908
2.7193,4.8013
2.0239,4.1571
2.5749,4.6252
2.0465,4.699
2.4225,4.0859
2.4677,4.5312
2.0226,4.8886
2.0651,4.2637
2.924,4.2348
2.5341,4.8397
2.3668,4.4955
2.3639,4.1524
2.1514,4.2308
2.1496,4.658
2.3508,4.5629
2.336,4.2918
2.784,4.6223
2.4867,4.7159
2.4648,4.2807
2.1313,4.4123
2.8864,4.3622
2.6746,4.7814
2.8352,4.1355
2.6565,4.9021
2.9839,4.2896
2.9798,4.4996
2.2502,4.7836
2.6246,4.6771
2.7282,4.1498
2.4982,4.6966
2.8498,4.129
2.1909,4.9459
2.1241,4.8864
2.0028,4.515
2.153,4.6794
2.5342,4.9768
2.5106,4.1255
2.3852,4.7522
2.3106,4.8271
2.0036,4.7814
2.8152,4.1909
2.6384,4.4286
2.4483,4.0145
2.2441,4.3253
2.8034,4.1347
2.824,4.4505
2.8522,4.5723
2.4673,4.792
2.9707,4.4197
2.8412,4.5325
2.0785,4.9257
2.2376,4.8991
2.8176,4.5448
2.4058,4.9011
2.4663,4.0518
2.9515,4.8086
2.965,4.3349
2.7653,4.2287
2.5745,4.8224
2.9159,4.3482
2.4954,4.1655
2.166,4.0281
2.326,4.9554
2.2964,4.6803
2.5583,4.8606
2.0675,4.9391
2.069,4.6802
2.1668,4.9174
2.9474,4.2567
2.8111,4.8856
2.7105,4.92
2.9702,4.3001
2.9984,4.0734
2.9875,4.7674
2.1501,4.085
2.9585,4.7288
2.5305,4.4479
2.0741,4.6512
2.3118,4.1695
2.8952,4.5314
2.8348,4.6338
2.0023,4.0141
2.6402,4.4704
2.8032,4.8863
2.2451,4.114
2.0641,4.4425
2.2631,4.6595
2.1027,4.2948
2.4837,4.9504
2.4189,4.6943
2.3813,4.2068
2.8868,4.5548
2.4206,4.8793
2.2838,4.5579
2.0482,4.7523
2.2192,4.8949
2.2392,4.8418
2.0293,4.1309
2.7023,4.1892
2.0076,4.1536
2.6109,4.0289
2.4081,4.0091
2.2489,4.5965
2.6525,4.609
2.3203,4.9189
2.1037,4.7336
2.5356,4.3011
2.1649,4.4956
2.8834,4.2582
2.6665,4.7329
2.8477,4.1168
2.7627,4.746
2.807,4.8098
2.633,4.7452
2.7104,4.3371
2.6887,4.5843
2.3209,4.469
2.5316,4.0873
2.8732,4.8287
2.0545,4.6859
2.5004,4.2673
2.4328,4.9695
2.9043,4.1838
2.6302,4.2999
2.983,4.4112
2.5852,4.2365
2.8406,4.1951
2.4688,4.7054
2.5452,4.1805
2.1791,4.5223
2.6345,4.2962
2.963,4.4628
2.534,4.9252
2.4796,4.2159
2.7937,4.001
2.0927,4.9066
2.8808,4.68
2.0039,4.515
2.5115,4.5221
2.6785,4.1029
2.5657,4.9969
2.4785,4.359
2.3205,4.6252
2.6016,4.3934
2.9132,4.0077
2.6825,4.5453
2.9467,4.5091
2.0991,4.2468
2.511,4.0454
2.1101,4.8417
2.5453,4.0482
2.6888,4.3163
2.1474,4.7834
2.7776,4.9724
2.3991,4.5865
2.8983,4.778
2.307,4.7277
2.0611,4.651
2.2195,4.6646
2.0828,4.9388
2.9504,4.5351
2.0164,4.3984
2.1147,4.6705
2.0124,4.4405
2.2162,4.1329
2.0114,4.4392
2.6424,4.5476
2.517,4.3951
2.2455,4.3983
2.1937,4.7513
2.0909,4.5224
2.3684,4.4904
2.0078,4.0887
2.6027,4.2509
2.4789,4.4476
2.3081,4.638
2.7444,4.7094
2.8393,4.9926
2.2624,4.9322
2.5142,4.0922
2.4468,4.9535
2.3412,4.1628
2.8391,4.9705
2.9825,4.597
2.6265,4.2402
2.1813,4.0703
2.123,4.3
2.58,4.8135
2.3285,4.0767
2.2682,4.3545
2.5502,4.132
2.1805,4.1582
2.6785,4.0621
2.0557,4.7018
2.0341,4.0865
2.2865,4.6168
2.0774,4.1738
2.9006,4.6514
2.8466,4.4987
2.3957,4.2845
2.1692,4.8306
2.4305,4.8184
2.4162,4.9382
2.7288,4.0003
2.4065,4.6404
2.9518,4.0074
2.912,4.1064
2.9514,4.1068
2.346,4.3671
2.2902,4.2396
2.8867,4.3461
2.21,4.2496
2.1309,4.3871
2.5205,4.421
2.9055,4.6401
2.4025,4.7876
2.2158,4.27
2.0787,4.844
2.9331,4.7405
2.6029,4.8261
2.3775,4.1822
2.6649,4.0654
2.7922,4.6104
2.3335,4.7016
2.6927,4.1116
2.2038,4.0958
2.9587,4.5978
2.7118,4.8122
2.1669,4.8146
2.4428,4.0894
2.633,4.7313
2.93,4.9039
2.5293,4.4522
2.6265,4.0707
2.6808,4.2413
2.9232,4.7319
2.1528,4.0405
2.4057,4.4245
2.3125,4.5402
2.6939,4.9538
2.8907,4.2089
2.4907,4.1163
2.8058,4.6462
2.3264,4.1084
2.5499,4.9835
2.3888,4.2483
2.8968,4.6064
2.6761,4.8167
2.8284,4.8301
2.1101,4.489
2.2792,4.7607
2.7676,4.9151
2.2161,4.901
2.0341,4.2142
2.4366,4.5471
2.9369,4.7847
2.2621,4.1944
2.5697,4.7469
2.3596,4.4756
2.0268,4.5833
2.5004,4.2605
2.827,4.0848
2.259,4.2981
2.0459,4.9171
2.2465,4.4705
2.6607,4.2695
2.3294,4.763
2.6595,4.7722
2.013,4.0213
2.7181,4.88
2.3911,4.7982
2.0335,4.3242
2.406,4.669
2.7163,4.2963
2.9213,4.93
2.984,4.282
2.9834,4.1689
2.8963,4.7452
2.8657,4.4771
2.801,4.6534
2.555,4.9666
2.4189,4.313
2.1271,4.0764
2.6546,4.7914
2.864,4.3654
2.2746,4.5851
2.8402,4.1833
2.0708,4.0769
2.3788,4.1537
2.2682,4.8269
2.1529,4.301
2.631,4.3839
2.3164,4.6507
2.9591,4.8174
2.4987,4.7663
2.7386,4.3742
2.0128,4.1899
2.6054,4.6465
2.5765,4.0036
2.8074,4.2829
2.655,4.6386
2.8782,4.5921
2.9024,4.3253
2.1522,4.989
2.1926,4.1232
2.791,4.7359
2.0607,4.1566
2.3898,4.4346
2.3,4.8322
2.7342,4.3599
2.1042,4.0762
2.7926,4.5569
2.7827,4.2739
2.5324,4.1321
2.2534,4.6997
2.071,4.4859
2.6258,4.1827
2.0247,4.1012
2.062,4.2016
2.1296,4.1347
2.4506,4.3238
2.6723,4.9505
3.5321,2.6306
3.2477,2.0142
3.4373,2.3165
3.6691,2.1119
3.5477,2.6295
3.6091,2.0607
3.8631,2.674
3.3807,2.4774
3.749,2.3055
3.1567,2.5163
3.0581,2.707
3.3397,2.8136
3.8172,2.3158
3.3775,2.3113
3.9726,2.345
3.6053,2.6663
3.3382,2.8611
3.928,2.7618
3.8984,2.8758
3.8507,2.8712
3.2568,2.1728
3.2855,2.8502
3.7799,2.9596
3.7014,2.7702
3.4925,2.875
3.9677,2.0674
3.4762,2.6468
3.9949,2.3241
3.4906,2.6403
3.5035,2.8798
3.7688,2.3736
3.3881,2.7667
3.4533,2.1681
3.1329,2.5197
3.7585,2.6275
3.5652,2.7139
3.6486,2.3064
3.7981,2.2637
3.2204,2.916
3.8579,2.615
3.9047,2.0932
3.292,2.6277
3.7259,2.192
3.3394,2.777
3.2727,2.8645
3.1703,2.3336
3.664,2.1354
3.5359,2.7655
3.8291,2.3186
3.2674,2.2524
3.1762,2.2001
3.4312,2.069
3.4757,2.5519
3.7852,2.4038
3.1307,2.7501
3.0514,2.4872
3.6275,2.3848
3.0291,2.0614
3.1362,2.2137
3.6946,2.5439
3.5157,2.4106
3.5426,2.901
3.8085,2.0563
3.7937,2.4435
3.5019,2.5378
3.2766,2.1341
3.1197,2.5409
3.8866,2.8574
3.9703,2.198
3.9425,2.1556
3.6381,2.0614
3.0906,2.6611
3.0747,2.0186
3.1825,2.2911
3.0317,2.9738
3.7249,2.7646
3.1442,2.2437
3.6359,2.6821
3.7898,2.1379
3.5663,2.6298
3.3774,2.857
3.8216,2.8998
3.3049,2.3484
3.3194,2.4863
3.785,2.6795
3.5037,2.7041
3.261,2.4609
3.7325,2.3643
3.1629,2.2803
3.9211,2.0762
3.2222,2.4446
3.0836,2.1657
3.0737,2.3987
3.7696,2.9206
3.8177,2.5113
3.7404,2.9141
3.7582,2.0919
3.9612,2.993
3.4664,2.0964
3.787,2.3131
3.4226,2.7854
3.9437,2.6024
3.0013,2.4659
3.9813,2.2981
3.5702,2.1332
3.3465,2.295
3.5575,2.1666
3.2998,2.3171
3.1591,2.1098
3.6653,2.8321
3.6842,2.9716
3.7924,2.2183
3.3486,2.7061
3.2501,2.039
3.345,2.6163
3.3286,2.6694
3.9275,2.0372
3.7561,2.0033
3.2882,2.1425
3.6062,2.8624
3.766,2.276
3.8462,2.5317
3.902,2.5222
3.5957,2.5676
3.0685,2.333
3.218,2.4134
3.8694,2.4143
3.4142,2.9839
3.6612,2.0577
3.7835,2.3965
3.2479,2.7913
3.5544,2.5942
3.2296,2.3096
3.0069,2.9018
3.7666,2.0931
3.0218,2.319
3.3931,2.887
3.2525,2.6574
3.2042,2.6845
3.6623,2.4739
3.9147,2.1412
3.0069,2.9509
3.7464,2.8826
3.7997,2.4374
3.9078,2.835
3.9746,2.3251
3.1199,2.3676
3.519,2.7948
3.822,2.0993
3.637,2.9518
3.9539,2.0015
3.9469,2.2954
3.9666,2.0485
3.0673,2.4427
3.4375,2.7898
3.3208,2.9135
3.1341,2.5333
3.1346,2.8041
3.8059,2.5627
3.5248,2.7509
3.9443,2.0092
3.9883,2.4768
3.4099,2.2503
3.3712,2.3079
3.2269,2.9669
3.446,2.2088
3.2662,2.5205
3.4591,2.2255
3.4329,2.5672
3.2596,2.9982
3.1337,2.1319
3.4192,2.9547
3.5069,2.1239
3.3243,2.1862
3.6847,2.6465
3.4431,2.1282
3.4357,2.0813
3.793,2.6592
3.8156,2.0274
3.7521,2.9852
3.7893,2.5393
3.5013,2.3738
3.5552,2.7067
3.6307,2.9474
3.098,2.3823
3.2457,2.6929
3.6157,2.6021
3.305,2.7753
3.767,2.5918
3.2672,2.3762
3.0395,2.8506
3.2966,2.2257
3.5564,2.797
3.9691,2.9969
3.6891,2.2813
3.7179,2.7104
3.559,2.6646
3.5334,2.4148
3.8757,2.4983
3.3931,2.9491
3.4581,2.9532
3.2082,2.7329
3.7573,2.3847
3.5467,2.0401
3.3574,2.5829
3.701,2.5647
3.1092,2.3552
3.0066,2.8802
3.5973,2.6245
3.6592,2.624
3.58,2.2957
3.91,2.0747
3.636,2.2937
3.5256,2.2347
3.2596,2.3459
3.0512,2.8485
3.732,2.1604
3.1643,2.1579
3.2804,2.5087
3.2594,2.6033
3.5471,2.1614
3.5413,2.6355
3.7881,2.8439
3.8696,2.7823
3.7875,2.2646
3.9694,2.3147
3.1805,2.1832
3.9306,2.4475
3.0452,2.3267
3.2406,2.2798
3.0089,2.9318
3.6716,2.3997
3.9048,2.3794
3.5724,2.5928
3.1555,2.0685
3.5024,2.2052
3.5677,2.7236
3.1883,2.5751
3.3242,2.2002
3.716,2.8435
3.5529,2.4237
3.1423,2.5448
3.3804,2.528
3.3966,2.1851
3.5767,2.0817
3.0194,2.4641
3.5776,2.0306
3.9322,2.435
3.1069,2.5579
3.7321,2.6388
3.9705,2.0342
3.6089,2.7099
3.7197,2.1693
3.3028,2.5934
3.459,2.6081
3.048,2.7724
3.3854,2.0563
3.3617,2.8547
3.2876,2.3843
3.8167,2.3996
3.4505,2.3254
3.8066,2.5554
3.7902,2.2954
3.283,2.3661
3.0683,2.349
3.0549,2.6302
3.6375,2.6644
3.4243,2.9921
3.9055,2.9444
3.4173,2.3503
3.1541,2.193
3.54,2.9196
3.9371,2.2887
3.661,2.5509
3.3947,2.9193
3.259,2.09
3.8479,2.2577
3.9451,2.427
3.377,2.5777
3.0673,2.8995
3.1816,2.2182
3.5757,2.967
3.1859,2.434
3.2914,2.7848
3.4617,2.5252
3.347,2.3313
3.3182,2.4316
3.4599,2.7179
3.2359,2.9162
3.0278,2.89
3.6585,2.1347
3.1588,2.1199
3.8027,2.8935
3.4086,2.6531
3.3274,2.0403
3.746,2.5047
3.7464,2.8945
3.174,2.3857
3.1175,2.2921
3.174,2.234
3.6274,2.2009
3.8419,2.3803
3.5101,2.5948
3.1658,2.2684
3.7143,2.6224
3.907,2.8046
3.2185,2.104
3.871,2.7292
3.2118,2.6486
3.8367,2.4747
3.8593,2.9329
3.5234,2.0964
3.4774,2.5991
3.8899,2.2336
3.0651,2.0323
3.5095,2.5799
3.6208,2.8422
3.7336,2.5569
3.23,2.8399
3.0219,2.205
3.139,2.6213
3.7695,2.174
3.9698,2.2895
3.3868,2.0185
3.9934,2.7015
3.3264,2.9521
3.1372,2.749
3.3848,2.7567
3.5626,2.5421
3.6338,2.2821
3.5416,2.2449
3.315,2.2863
3.1593,2.9631
3.1526,2.2307
3.137,2.5373
3.7098,2.205
3.4649,2.434
3.1133,2.1422
3.7009,2.3756
3.18,2.7936
3.8037,2.8128
3.514,2.9038
3.5484,2.5404
3.2078,2.8179
3.7846,2.7084
3.5265,2.0432
3.571,2.1459
3.422,2.2333
3.7212,2.2467
3.0731,2.1703
3.5949,2.2351
3.862,2.2755
3.4488,2.9516
3.6526,2.3467
3.3035,2.2973
3.6074,2.4044
3.2789,2.3022
3.7996,2.7573
3.7962,2.3597
3.9541,2.1249
3.4443,2.6172
3.4569,2.3555
3.5998,2.3629
3.8426,2.0685
3.0312,2.8672
3.1873,2.4579
3.9436,2.0776
3.9479,2.9049
3.453,2.2817
3.8108,2.6139
3.9289,2.6619
3.6727,2.2
3.3723,2.96
3.4057,2.6651
3.4388,2.5413
3.6786,2.869
3.4651,2.557
3.9533,2.0214
3.3547,2.4827
3.339,2.808
3.8959,2.736
3.5454,2.5723
3.7493,2.009
3.1249,2.7183
3.4532,2.4494
3.0747,2.6596
3.6633,2.7532
3.7037,2.8047
3.919,2.0292
3.6601,2.7798
3.6901,2.5674
3.8537,2.0761
3.4679,2.2516
3.4585,2.1335
3.8061,2.5645
3.8248,2.541
3.1904,2.0689
3.0257,2.9884
3.0568,2.2511
3.1429,2.3155
3.1714,2.3007
3.6258,2.042
3.0295,2.5279
3.4723,2.256
3.6784,2.4087
3.1148,2.9475
3.2361,2.9193
3.2891,2.1212
3.1728,2.5919
3.3237,2.3597
3.8011,2.7193
3.2996,2.5236
3.7756,2.2608
3.5528,2.4931
3.5547,2.8558
3.7306,2.7244
3.7736,2.1991
3.9008,2.1573
3.1382,2.3705
3.7941,2.8623
3.1894,2.6848
3.029,2.6342
3.1274,2.1413
3.1337,2.0793
3.1283,2.8761
3.9353,2.4204
3.2732,2.4877
3.9427,2.4603
3.6382,2.5157
3.8725,2.272
3.3671,2.2316
3.2362,2.8995
3.1873,2.9087
3.5456,2.6036
3.2551,2.3652
3.3058,2.5986
3.0155,2.6685
3.5875,2.8946
3.9626,2.0873
3.8498,2.539
3.0079,2.4284
3.634,2.6172
3.3593,2.5589
3.1141,2.2259
3.5408,2.1045
3.4164,2.01
3.5171,2.0592
3.8861,2.3227
3.1494,2.7795
3.4347,2.3355
3.059,2.6196
3.381,2.9929
3.7224,2.648
3.0951,2.5398
3.6672,2.2323
3.2964,2.7398
3.5986,2.889
3.1519,2.8598
3.4364,2.5971
3.0127,2.6548
3.229,2.915
3.2637,2.4332
3.5114,2.2898
3.2151,2.6319
3.3461,2.2954
3.7478,2.622
3.4136,2.0475
3.0558,2.9946
3.39,2.2068
3.4745,2.6074
3.8253,2.3476
3.3036,2.7177
3.8218,2.028
3.5657,2.0668
3.0544,2.9271
3.26,2.0878
3.5891,2.3324
3.4797,2.5262
3.1987,2.2466
3.239,2.5429
3.7802,2.7809
3.6173,2.5219
3.1441,2.9319
3.7161,2.1471
3.4015,2.4168
3.4624,2.2803
3.7073,2.5981
3.4012,2.0365
3.0144,2.0637
3.0746,2.3229
3.5911,2.0984
3.446,2.17
3.9266,2.3712
3.0949,2.0398
3.3754,2.7092
3.546,2.6413
3.1117,2.1741
3.9045,2.0622
3.6333,2.4067
3.9054,2.4631
